0 0
0.00500501 0
0.01001 0
0.015015 0
0.02002 0
0.025025 0
0.03003 0
0.035035 0
0.04004 0
0.045045 0
0.0500501 0
0.0550551 0
0.0600601 0
0.0650651 0
0.0700701 0
0.0750751 0
0.0800801 0
0.0850851 0
0.0900901 0
0.0950951 0
0.1001 0
0.105105 0
0.11011 0
0.115115 0
0.12012 0
0.125125 0
0.13013 0
0.135135 0
0.14014 0
0.145145 0
0.15015 0
0.155155 0
0.16016 0
0.165165 0
0.17017 0
0.175175 0
0.18018 0
0.185185 0
0.19019 0
0.195195 0
0.2002 0
0.205205 0
0.21021 0
0.215215 0
0.22022 0
0.225225 0
0.23023 0
0.235235 0
0.24024 0
0.245245 0
0.25025 0
0.255255 0
0.26026 0
0.265265 0
0.27027 0
0.275275 0
0.28028 0
0.285285 0
0.29029 0
0.295295 0
0.3003 0
0.305305 2e-06
0.31031 0
0.315315 4e-06
0.32032 1e-05
0.325325 4e-06
0.33033 1e-05
0.335335 1.2e-05
0.34034 3.8e-05
0.345345 4e-05
0.35035 7.4e-05
0.355355 7.8e-05
0.36036 0.000152
0.365365 0.000252
0.37037 0.000358
0.375375 0.00057
0.38038 0.000668
0.385385 0.0009
0.39039 0.001386
0.395395 0.00193
0.4004 0.002534
0.405405 0.003526
0.41041 0.004538
0.415415 0.005738
0.42042 0.007422
0.425425 0.009566
0.43043 0.011852
0.435435 0.014468
0.44044 0.017162
0.445445 0.020586
0.45045 0.024022
0.455455 0.027394
0.46046 0.030742
0.465465 0.03443
0.47047 0.03787
0.475475 0.041372
0.48048 0.04346
0.485485 0.045856
0.49049 0.047526
0.495495 0.04885
0.500501 0.048924
0.505506 0.048006
0.510511 0.046904
0.515516 0.045188
0.520521 0.043114
0.525526 0.039778
0.530531 0.036462
0.535536 0.032644
0.540541 0.029258
0.545546 0.026048
0.550551 0.022666
0.555556 0.019538
0.560561 0.016052
0.565566 0.01331
0.570571 0.010808
0.575576 0.008774
0.580581 0.006874
0.585586 0.005148
0.590591 0.00411
0.595596 0.003118
0.600601 0.002108
0.605606 0.001724
0.610611 0.001218
0.615616 0.000866
0.620621 0.0006
0.625626 0.00045
0.630631 0.00031
0.635636 0.000244
0.640641 0.000126
0.645646 9e-05
0.650651 5.4e-05
0.655656 3.6e-05
0.660661 1.8e-05
0.665666 1.4e-05
0.670671 2e-06
0.675676 4e-06
0.680681 6e-06
0.685686 4e-06
0.690691 0
0.695696 0
0.700701 0
0.705706 0
0.710711 0
0.715716 0
0.720721 0
0.725726 0
0.730731 0
0.735736 0
0.740741 0
0.745746 0
0.750751 0
0.755756 0
0.760761 0
0.765766 0
0.770771 0
0.775776 0
0.780781 0
0.785786 0
0.790791 0
0.795796 0
0.800801 0
0.805806 0
0.810811 0
0.815816 0
0.820821 0
0.825826 0
0.830831 0
0.835836 0
0.840841 0
0.845846 0
0.850851 0
0.855856 0
0.860861 0
0.865866 0
0.870871 0
0.875876 0
0.880881 0
0.885886 0
0.890891 0
0.895896 0
0.900901 0
0.905906 0
0.910911 0
0.915916 0
0.920921 0
0.925926 0
0.930931 0
0.935936 0
0.940941 0
0.945946 0
0.950951 0
0.955956 0
0.960961 0
0.965966 0
0.970971 0
0.975976 0
0.980981 0
0.985986 0
0.990991 0
0.995996 0
