0 0
0.00500501 0
0.01001 0
0.015015 0
0.02002 0
0.025025 0
0.03003 0
0.035035 0
0.04004 0
0.045045 0
0.0500501 0
0.0550551 0
0.0600601 0
0.0650651 0
0.0700701 0
0.0750751 0
0.0800801 0
0.0850851 0
0.0900901 0
0.0950951 0
0.1001 0
0.105105 0
0.11011 0
0.115115 0
0.12012 0
0.125125 0
0.13013 0
0.135135 0
0.14014 0
0.145145 0
0.15015 0
0.155155 0
0.16016 0
0.165165 0
0.17017 0
0.175175 0
0.18018 0
0.185185 0
0.19019 0
0.195195 0
0.2002 0
0.205205 0
0.21021 0
0.215215 0
0.22022 0
0.225225 0
0.23023 0
0.235235 0
0.24024 0
0.245245 0
0.25025 0
0.255255 0
0.26026 0
0.265265 0
0.27027 0
0.275275 0
0.28028 0
0.285285 0
0.29029 0
0.295295 0
0.3003 0
0.305305 0
0.31031 0
0.315315 0
0.32032 0
0.325325 0
0.33033 0
0.335335 0
0.34034 0
0.345345 2e-06
0.35035 0
0.355355 0
0.36036 0
0.365365 0
0.37037 2e-06
0.375375 1.8e-05
0.38038 2e-05
0.385385 4.4e-05
0.39039 5.6e-05
0.395395 7.8e-05
0.4004 0.000232
0.405405 0.00054
0.41041 0.000526
0.415415 0.000878
0.42042 0.000974
0.425425 0.002188
0.43043 0.003336
0.435435 0.004656
0.44044 0.00764
0.445445 0.01157
0.45045 0.017008
0.455455 0.016092
0.46046 0.019624
0.465465 0.018488
0.47047 0.04494
0.475475 0.048362
0.48048 0.066688
0.485485 0.052816
0.49049 0.059892
0.495495 0.074442
0.500501 0.08794
0.505506 0.09862
0.510511 0.064086
0.515516 0.05182
0.520521 0.036758
0.525526 0.046506
0.530531 0.033594
0.535536 0.0398
0.540541 0.021792
0.545546 0.016332
0.550551 0.019246
0.555556 0.011598
0.560561 0.00694
0.565566 0.003636
0.570571 0.004118
0.575576 0.002168
0.580581 0.001694
0.585586 0.00083
0.590591 0.000538
0.595596 0.000324
0.600601 0.000234
0.605606 0.00015
0.610611 8.6e-05
0.615616 3.2e-05
0.620621 2.4e-05
0.625626 1.4e-05
0.630631 2e-06
0.635636 4e-06
0.640641 0
0.645646 0
0.650651 2e-06
0.655656 0
0.660661 0
0.665666 0
0.670671 0
0.675676 0
0.680681 0
0.685686 0
0.690691 0
0.695696 0
0.700701 0
0.705706 0
0.710711 0
0.715716 0
0.720721 0
0.725726 0
0.730731 0
0.735736 0
0.740741 0
0.745746 0
0.750751 0
0.755756 0
0.760761 0
0.765766 0
0.770771 0
0.775776 0
0.780781 0
0.785786 0
0.790791 0
0.795796 0
0.800801 0
0.805806 0
0.810811 0
0.815816 0
0.820821 0
0.825826 0
0.830831 0
0.835836 0
0.840841 0
0.845846 0
0.850851 0
0.855856 0
0.860861 0
0.865866 0
0.870871 0
0.875876 0
0.880881 0
0.885886 0
0.890891 0
0.895896 0
0.900901 0
0.905906 0
0.910911 0
0.915916 0
0.920921 0
0.925926 0
0.930931 0
0.935936 0
0.940941 0
0.945946 0
0.950951 0
0.955956 0
0.960961 0
0.965966 0
0.970971 0
0.975976 0
0.980981 0
0.985986 0
0.990991 0
0.995996 0
