101
0.01
0.05
-0.1
0 0 0 0 0 0 0 0 0 0 10 0 0 0 0 0 0 0 0 0 0 
0 8.84191e-07 5.30515e-06 3.09467e-05 0.000180375 0.0010513 0.00612745 0.0357134 0.208153 1.2132 7.07107 1.2132 0.208153 0.0357134 0.00612745 0.0010513 0.000180375 3.09467e-05 5.30515e-06 8.84191e-07 0 
0 6.25218e-06 3.39763e-05 0.000176385 0.000900547 0.0045054 0.0219266 0.102545 0.450487 1.76777 5.3033 1.76777 0.450487 0.102545 0.0219266 0.0045054 0.000900547 0.000176385 3.39763e-05 6.25218e-06 0 
0 2.44494e-05 0.000121687 0.00056977 0.00259139 0.0113764 0.0476454 0.186789 0.662913 1.98874 4.19845 1.98874 0.662913 0.186789 0.0476454 0.0113764 0.00259139 0.00056977 0.000121687 2.44494e-05 0 
0 6.99175e-05 0.000321707 0.00137358 0.00564068 0.0221049 0.0814833 0.276214 0.828641 2.04398 3.48029 2.04398 0.828641 0.276214 0.0814833 0.0221049 0.00564068 0.00137358 0.000321707 6.99175e-05 0 
0 0.000163345 0.0007004 0.00275223 0.0103187 0.036597 0.120843 0.36253 0.949484 2.01981 2.99346 2.01981 0.949484 0.36253 0.120843 0.036597 0.0103187 0.00275223 0.0007004 0.000163345 0 
0 0.000330575 0.00133007 0.00484823 0.0167504 0.0543795 0.163139 0.441079 1.03321 1.96025 2.64906 1.96025 1.03321 0.441079 0.163139 0.0543795 0.0167504 0.00484823 0.00133007 0.000330575 0 
0 0.000600579 0.00228118 0.00776622 0.0249232 0.0747717 0.206189 0.509808 1.08835 1.88742 2.39518 1.88742 1.08835 0.509808 0.206189 0.0747717 0.0249232 0.00776622 0.00228118 0.000600579 0 
0 0.00100298 0.00361557 0.0115657 0.034714 0.097025 0.248349 0.568315 1.12231 1.81214 2.20083 1.81214 1.12231 0.568315 0.248349 0.097025 0.034714 0.0115657 0.00361557 0.00100298 0 
0 0.00156557 0.00538151 0.0162612 0.0459226 0.120419 0.288489 0.617118 1.14096 1.73942 2.04703 1.73942 1.14096 0.617118 0.288489 0.120419 0.0459226 0.0162612 0.00538151 0.00156557 0 
0 0.00231219 0.00761084 0.0218268 0.0583054 0.144315 0.32591 0.657186 1.14873 1.67137 1.92181 1.67137 1.14873 0.657186 0.32591 0.144315 0.0583054 0.0218268 0.00761084 0.00231219 0 
0 0.00326115 0.0103182 0.0282045 0.0716017 0.168184 0.360244 0.689643 1.14887 1.60863 1.81742 1.60863 1.14887 0.689643 0.360244 0.168184 0.0716017 0.0282045 0.0103182 0.00326115 0 
0 0.00442437 0.0135016 0.0353124 0.0855548 0.19161 0.391366 0.715607 1.1437 1.55115 1.72866 1.55115 1.1437 0.715607 0.391366 0.19161 0.0855548 0.0353124 0.0135016 0.00442437 0 
0 0.00580698 0.0171444 0.0430532 0.0999252 0.214279 0.419308 0.736109 1.13492 1.49858 1.65197 1.49858 1.13492 0.736109 0.419308 0.214279 0.0999252 0.0430532 0.0171444 0.00580698 0 
0 0.00740762 0.0212178 0.0513216 0.114499 0.235971 0.44421 0.752058 1.1237 1.45047 1.5848 1.45047 1.1237 0.752058 0.44421 0.235971 0.114499 0.0513216 0.0212178 0.00740762 0 
0 0.00921898 0.0256834 0.0600101 0.129091 0.25654 0.466269 0.764233 1.1109 1.40635 1.52532 1.40635 1.1109 0.764233 0.466269 0.25654 0.129091 0.0600101 0.0256834 0.00921898 0 
0 0.0112287 0.030496 0.0690139 0.143547 0.275903 0.485712 0.773292 1.09711 1.36577 1.47214 1.36577 1.09711 0.773292 0.485712 0.275903 0.143547 0.0690139 0.030496 0.0112287 0 
0 0.0134202 0.0356063 0.0782337 0.15774 0.294022 0.502776 0.779784 1.08276 1.32834 1.42421 1.32834 1.08276 0.779784 0.502776 0.294022 0.15774 0.0782337 0.0356063 0.0134202 0 
0 0.0157739 0.0409629 0.0875783 0.171572 0.310892 0.517693 0.784164 1.06815 1.29371 1.38071 1.29371 1.06815 0.784164 0.517693 0.310892 0.171572 0.0875783 0.0409629 0.0157739 0 
0 0.0182683 0.0465142 0.0969654 0.184965 0.326536 0.530686 0.786806 1.05349 1.26155 1.34099 1.26155 1.05349 0.786806 0.530686 0.326536 0.184965 0.0969654 0.0465142 0.0182683 0 
0 0.0208805 0.05221 0.106322 0.197863 0.340995 0.541959 0.788019 1.03893 1.23161 1.30453 1.23161 1.03893 0.788019 0.541959 0.340995 0.197863 0.106322 0.05221 0.0208805 0 
0 0.0235874 0.0580023 0.115586 0.210226 0.354318 0.551702 0.788059 1.02457 1.20365 1.2709 1.20365 1.02457 0.788059 0.551702 0.354318 0.210226 0.115586 0.0580023 0.0235874 0 
0 0.026366 0.0638464 0.124703 0.222029 0.366564 0.560085 0.787134 1.01049 1.17748 1.23976 1.17748 1.01049 0.787134 0.560085 0.366564 0.222029 0.124703 0.0638464 0.026366 0 
0 0.0291942 0.0697014 0.133629 0.233256 0.377795 0.567259 0.785418 0.99671 1.1529 1.21081 1.1529 0.99671 0.785418 0.567259 0.377795 0.233256 0.133629 0.0697014 0.0291942 0 
0 0.0320512 0.0755303 0.142325 0.243904 0.388074 0.57336 0.783052 0.983279 1.12978 1.1838 1.12978 0.983279 0.783052 0.57336 0.388074 0.243904 0.142325 0.0755303 0.0320512 0 
0 0.0349175 0.0813001 0.150762 0.253974 0.397463 0.57851 0.780154 0.970208 1.10798 1.15853 1.10798 0.970208 0.780154 0.57851 0.397463 0.253974 0.150762 0.0813001 0.0349175 0 
0 0.0377753 0.0869821 0.158917 0.263472 0.406023 0.582814 0.776822 0.957504 1.08737 1.13481 1.08737 0.957504 0.776822 0.582814 0.406023 0.263472 0.158917 0.0869821 0.0377753 0 
0 0.0406088 0.0925516 0.166772 0.272412 0.413812 0.586368 0.773138 0.945169 1.06786 1.11249 1.06786 0.945169 0.773138 0.586368 0.413812 0.272412 0.166772 0.0925516 0.0406088 0 
0 0.0434038 0.0979873 0.174314 0.280808 0.420885 0.589254 0.769167 0.933198 1.04934 1.09144 1.04934 0.933198 0.769167 0.589254 0.420885 0.280808 0.174314 0.0979873 0.0434038 0 
0 0.0461478 0.103272 0.181534 0.288677 0.427294 0.591546 0.764966 0.921585 1.03175 1.07154 1.03175 0.921585 0.764966 0.591546 0.427294 0.288677 0.181534 0.103272 0.0461478 0 
0 0.0488304 0.108391 0.188427 0.296037 0.433087 0.593309 0.760583 0.910321 1.015 1.0527 1.015 0.910321 0.760583 0.593309 0.433087 0.296037 0.188427 0.108391 0.0488304 0 
0 0.0514424 0.113333 0.194992 0.302908 0.438309 0.5946 0.756054 0.899396 0.999037 1.03481 0.999037 0.899396 0.756054 0.5946 0.438309 0.302908 0.194992 0.113333 0.0514424 0 
0 0.0539765 0.118089 0.201228 0.30931 0.443003 0.595469 0.751414 0.888798 0.983792 1.0178 0.983792 0.888798 0.751414 0.595469 0.443003 0.30931 0.201228 0.118089 0.0539765 0 
0 0.0564266 0.122654 0.207138 0.315264 0.447206 0.595962 0.746689 0.878516 0.969215 1.00161 0.969215 0.878516 0.746689 0.595962 0.447206 0.315264 0.207138 0.122654 0.0564266 0 
0 0.058788 0.127022 0.212727 0.32079 0.450955 0.596118 0.741902 0.868538 0.95526 0.986159 0.95526 0.868538 0.741902 0.596118 0.450955 0.32079 0.212727 0.127022 0.058788 0 
0 0.0610572 0.131191 0.218001 0.325908 0.454283 0.595971 0.737072 0.858851 0.941881 0.9714 0.941881 0.858851 0.737072 0.595971 0.454283 0.325908 0.218001 0.131191 0.0610572 0 
0 0.0632315 0.13516 0.222967 0.330636 0.45722 0.595553 0.732214 0.849443 0.929042 0.95728 0.929042 0.849443 0.732214 0.595553 0.45722 0.330636 0.222967 0.13516 0.0632315 0 
0 0.0653094 0.138931 0.227632 0.334995 0.459795 0.594891 0.727342 0.840303 0.916704 0.943755 0.916704 0.840303 0.727342 0.594891 0.459795 0.334995 0.227632 0.138931 0.0653094 0 
0 0.0672901 0.142503 0.232006 0.339003 0.462032 0.594011 0.722466 0.831419 0.904836 0.930782 0.904836 0.831419 0.722466 0.594011 0.462032 0.339003 0.232006 0.142503 0.0672901 0 
0 0.0691735 0.14588 0.236097 0.342678 0.463956 0.592933 0.717596 0.82278 0.893408 0.918324 0.893408 0.82278 0.717596 0.592933 0.463956 0.342678 0.236097 0.14588 0.0691735 0 
0 0.07096 0.149066 0.239915 0.346036 0.46559 0.591677 0.712739 0.814375 0.882392 0.906347 0.882392 0.814375 0.712739 0.591677 0.46559 0.346036 0.239915 0.149066 0.07096 0 
0 0.0726507 0.152064 0.24347 0.349094 0.466952 0.59026 0.707902 0.806195 0.871764 0.894819 0.871764 0.806195 0.707902 0.59026 0.466952 0.349094 0.24347 0.152064 0.0726507 0 
0 0.074247 0.154879 0.246771 0.351868 0.468063 0.588699 0.703089 0.798228 0.861499 0.883713 0.861499 0.798228 0.703089 0.588699 0.468063 0.351868 0.246771 0.154879 0.074247 0 
0 0.0757507 0.157516 0.249829 0.354374 0.468938 0.587006 0.698305 0.790465 0.851577 0.873001 0.851577 0.790465 0.698305 0.587006 0.468938 0.354374 0.249829 0.157516 0.0757507 0 
0 0.0771638 0.15998 0.252653 0.356624 0.469595 0.585195 0.693552 0.782899 0.841978 0.86266 0.841978 0.782899 0.693552 0.585195 0.469595 0.356624 0.252653 0.15998 0.0771638 0 
0 0.0784887 0.162277 0.255254 0.358633 0.470049 0.583277 0.688834 0.775519 0.832683 0.852668 0.832683 0.775519 0.688834 0.583277 0.470049 0.358633 0.255254 0.162277 0.0784887 0 
0 0.079728 0.164413 0.25764 0.360414 0.470312 0.581262 0.684153 0.768317 0.823675 0.843003 0.823675 0.768317 0.684153 0.581262 0.470312 0.360414 0.25764 0.164413 0.079728 0 
0 0.0808842 0.166393 0.259822 0.361979 0.470398 0.579159 0.679509 0.761286 0.814939 0.833649 0.814939 0.761286 0.679509 0.579159 0.470398 0.361979 0.259822 0.166393 0.0808842 0 
0 0.08196 0.168224 0.261809 0.363341 0.470318 0.576977 0.674905 0.754418 0.80646 0.824586 0.80646 0.754418 0.674905 0.576977 0.470318 0.363341 0.261809 0.168224 0.08196 0 
0 0.0829584 0.16991 0.263609 0.364509 0.470084 0.574722 0.670342 0.747707 0.798224 0.815799 0.798224 0.747707 0.670342 0.574722 0.470084 0.364509 0.263609 0.16991 0.0829584 0 
0 0.0838821 0.171459 0.265232 0.365496 0.469706 0.572402 0.665819 0.741144 0.790219 0.807272 0.790219 0.741144 0.665819 0.572402 0.469706 0.365496 0.265232 0.171459 0.0838821 0 
0 0.0847341 0.172876 0.266686 0.36631 0.469193 0.570023 0.661337 0.734724 0.782432 0.798992 0.782432 0.734724 0.661337 0.570023 0.469193 0.36631 0.266686 0.172876 0.0847341 0 
0 0.0855172 0.174167 0.267979 0.366962 0.468554 0.567591 0.656897 0.728441 0.774853 0.790946 0.774853 0.728441 0.656897 0.567591 0.468554 0.366962 0.267979 0.174167 0.0855172 0 
0 0.0862342 0.175337 0.269119 0.367461 0.467798 0.56511 0.652498 0.722289 0.76747 0.78312 0.76747 0.722289 0.652498 0.56511 0.467798 0.367461 0.269119 0.175337 0.0862342 0 
0 0.086888 0.176391 0.270114 0.367815 0.466932 0.562585 0.648139 0.716261 0.760274 0.775505 0.760274 0.716261 0.648139 0.562585 0.466932 0.367815 0.270114 0.176391 0.086888 0 
0 0.0874814 0.177336 0.27097 0.368032 0.465963 0.560021 0.643822 0.710354 0.753257 0.768089 0.753257 0.710354 0.643822 0.560021 0.465963 0.368032 0.27097 0.177336 0.0874814 0 
0 0.088017 0.178176 0.271696 0.368121 0.464899 0.557421 0.639545 0.704562 0.746408 0.760862 0.746408 0.704562 0.639545 0.557421 0.464899 0.368121 0.271696 0.178176 0.088017 0 
0 0.0884975 0.178917 0.272298 0.368088 0.463746 0.55479 0.635308 0.698879 0.739721 0.753815 0.739721 0.698879 0.635308 0.55479 0.463746 0.368088 0.272298 0.178917 0.0884975 0 
0 0.0889254 0.179563 0.272783 0.367941 0.462509 0.55213 0.631111 0.693303 0.733188 0.746939 0.733188 0.693303 0.631111 0.55213 0.462509 0.367941 0.272783 0.179563 0.0889254 0 
0 0.0893033 0.180118 0.273156 0.367685 0.461194 0.549444 0.626953 0.687827 0.726801 0.740227 0.726801 0.687827 0.626953 0.549444 0.461194 0.367685 0.273156 0.180118 0.0893033 0 
0 0.0896336 0.180588 0.273423 0.367329 0.459807 0.546736 0.622833 0.682449 0.720554 0.733669 0.720554 0.682449 0.622833 0.546736 0.459807 0.367329 0.273423 0.180588 0.0896336 0 
0 0.0899186 0.180977 0.273591 0.366876 0.458352 0.544008 0.618751 0.677165 0.71444 0.727259 0.71444 0.677165 0.618751 0.544008 0.458352 0.366876 0.273591 0.180977 0.0899186 0 
0 0.0901606 0.181289 0.273665 0.366334 0.456834 0.541262 0.614706 0.67197 0.708453 0.720991 0.708453 0.67197 0.614706 0.541262 0.456834 0.366334 0.273665 0.181289 0.0901606 0 
0 0.0903617 0.181528 0.273649 0.365707 0.455257 0.5385 0.610697 0.666861 0.702588 0.714856 0.702588 0.666861 0.610697 0.5385 0.455257 0.365707 0.273649 0.181528 0.0903617 0 
0 0.090524 0.181697 0.273549 0.365 0.453626 0.535725 0.606725 0.661834 0.69684 0.708851 0.69684 0.661834 0.606725 0.535725 0.453626 0.365 0.273549 0.181697 0.090524 0 
0 0.0906496 0.181801 0.273369 0.364219 0.451943 0.532939 0.602788 0.656888 0.691203 0.702968 0.691203 0.656888 0.602788 0.532939 0.451943 0.364219 0.273369 0.181801 0.0906496 0 
0 0.0907403 0.181843 0.273115 0.363367 0.450214 0.530142 0.598885 0.652018 0.685672 0.697203 0.685672 0.652018 0.598885 0.530142 0.450214 0.363367 0.273115 0.181843 0.0907403 0 
0 0.090798 0.181827 0.272789 0.36245 0.448441 0.527338 0.595017 0.647222 0.680243 0.69155 0.680243 0.647222 0.595017 0.527338 0.448441 0.36245 0.272789 0.181827 0.090798 0 
0 0.0908245 0.181755 0.272397 0.361471 0.446627 0.524527 0.591182 0.642497 0.674912 0.686004 0.674912 0.642497 0.591182 0.524527 0.446627 0.361471 0.272397 0.181755 0.0908245 0 
0 0.0908214 0.18163 0.271942 0.360433 0.444775 0.52171 0.58738 0.637841 0.669675 0.680561 0.669675 0.637841 0.58738 0.52171 0.444775 0.360433 0.271942 0.18163 0.0908214 0 
0 0.0907904 0.181457 0.271428 0.359342 0.442889 0.51889 0.58361 0.63325 0.664528 0.675216 0.664528 0.63325 0.58361 0.51889 0.442889 0.359342 0.271428 0.181457 0.0907904 0 
0 0.0907329 0.181236 0.270858 0.358199 0.44097 0.516067 0.579871 0.628723 0.659467 0.669967 0.659467 0.628723 0.579871 0.516067 0.44097 0.358199 0.270858 0.181236 0.0907329 0 
0 0.0906506 0.180972 0.270235 0.357009 0.439022 0.513242 0.576164 0.624257 0.654489 0.664807 0.654489 0.624257 0.576164 0.513242 0.439022 0.357009 0.270235 0.180972 0.0906506 0 
0 0.0905447 0.180666 0.269563 0.355774 0.437046 0.510417 0.572488 0.619851 0.64959 0.659735 0.64959 0.619851 0.572488 0.510417 0.437046 0.355774 0.269563 0.180666 0.0905447 0 
0 0.0904166 0.180321 0.268845 0.354498 0.435046 0.507593 0.568841 0.615502 0.644768 0.654746 0.644768 0.615502 0.568841 0.507593 0.435046 0.354498 0.268845 0.180321 0.0904166 0 
0 0.0902676 0.179939 0.268084 0.353183 0.433023 0.504769 0.565224 0.611209 0.64002 0.649837 0.64002 0.611209 0.565224 0.504769 0.433023 0.353183 0.268084 0.179939 0.0902676 0 
0 0.0900989 0.179523 0.267282 0.351832 0.430979 0.501949 0.561635 0.606969 0.635342 0.645006 0.635342 0.606969 0.561635 0.501949 0.430979 0.351832 0.267282 0.179523 0.0900989 0 
0 0.0899116 0.179074 0.266442 0.350448 0.428916 0.499131 0.558075 0.602781 0.630733 0.640248 0.630733 0.602781 0.558075 0.499131 0.428916 0.350448 0.266442 0.179074 0.0899116 0 
0 0.0897069 0.178595 0.265565 0.349032 0.426835 0.496317 0.554544 0.598643 0.626189 0.635562 0.626189 0.598643 0.554544 0.496317 0.426835 0.349032 0.265565 0.178595 0.0897069 0 
0 0.0894857 0.178087 0.264656 0.347587 0.424739 0.493508 0.551039 0.594553 0.621709 0.630944 0.621709 0.594553 0.551039 0.493508 0.424739 0.347587 0.264656 0.178087 0.0894857 0 
0 0.0892492 0.177552 0.263715 0.346116 0.422629 0.490704 0.547562 0.590511 0.61729 0.626393 0.61729 0.590511 0.547562 0.490704 0.422629 0.346116 0.263715 0.177552 0.0892492 0 
0 0.0889981 0.176992 0.262745 0.344619 0.420507 0.487906 0.544111 0.586514 0.61293 0.621905 0.61293 0.586514 0.544111 0.487906 0.420507 0.344619 0.262745 0.176992 0.0889981 0 
0 0.0887334 0.176408 0.261748 0.3431 0.418374 0.485114 0.540687 0.582562 0.608627 0.617479 0.608627 0.582562 0.540687 0.485114 0.418374 0.3431 0.261748 0.176408 0.0887334 0 
0 0.088456 0.175802 0.260726 0.341559 0.41623 0.482329 0.537288 0.578652 0.604378 0.613112 0.604378 0.578652 0.537288 0.482329 0.41623 0.341559 0.260726 0.175802 0.088456 0 
0 0.0881667 0.175176 0.25968 0.339999 0.414079 0.479551 0.533915 0.574784 0.600183 0.608803 0.600183 0.574784 0.533915 0.479551 0.414079 0.339999 0.25968 0.175176 0.0881667 0 
0 0.0878662 0.17453 0.258612 0.338421 0.41192 0.476782 0.530566 0.570957 0.59604 0.604548 0.59604 0.570957 0.530566 0.476782 0.41192 0.338421 0.258612 0.17453 0.0878662 0 
0 0.0875552 0.173867 0.257523 0.336827 0.409754 0.474021 0.527243 0.56717 0.591946 0.600348 0.591946 0.56717 0.527243 0.474021 0.409754 0.336827 0.257523 0.173867 0.0875552 0 
0 0.0872345 0.173186 0.256416 0.335218 0.407584 0.471268 0.523943 0.56342 0.587901 0.596199 0.587901 0.56342 0.523943 0.471268 0.407584 0.335218 0.256416 0.173186 0.0872345 0 
0 0.0869047 0.17249 0.255292 0.333596 0.40541 0.468525 0.520668 0.559709 0.583902 0.5921 0.583902 0.559709 0.520668 0.468525 0.40541 0.333596 0.255292 0.17249 0.0869047 0 
0 0.0865665 0.17178 0.254151 0.331961 0.403232 0.465791 0.517416 0.556033 0.579948 0.588049 0.579948 0.556033 0.517416 0.465791 0.403232 0.331961 0.254151 0.17178 0.0865665 0 
0 0.0862203 0.171056 0.252996 0.330315 0.401052 0.463067 0.514187 0.552393 0.576039 0.584046 0.576039 0.552393 0.514187 0.463067 0.401052 0.330315 0.252996 0.171056 0.0862203 0 
0 0.0858668 0.17032 0.251827 0.32866 0.39887 0.460354 0.510982 0.548788 0.572172 0.580088 0.572172 0.548788 0.510982 0.460354 0.39887 0.32866 0.251827 0.17032 0.0858668 0 
0 0.0855065 0.169572 0.250646 0.326995 0.396688 0.45765 0.507799 0.545216 0.568346 0.576174 0.568346 0.545216 0.507799 0.45765 0.396688 0.326995 0.250646 0.169572 0.0855065 0 
0 0.0851399 0.168814 0.249454 0.325323 0.394505 0.454957 0.504638 0.541677 0.564561 0.572303 0.564561 0.541677 0.504638 0.454957 0.394505 0.325323 0.249454 0.168814 0.0851399 0 
0 0.0847675 0.168045 0.248251 0.323645 0.392323 0.452275 0.5015 0.53817 0.560814 0.568473 0.560814 0.53817 0.5015 0.452275 0.392323 0.323645 0.248251 0.168045 0.0847675 0 
0 0.0843897 0.167268 0.247039 0.32196 0.390143 0.449605 0.498383 0.534695 0.557106 0.564684 0.557106 0.534695 0.498383 0.449605 0.390143 0.32196 0.247039 0.167268 0.0843897 0 
0 0.084007 0.166483 0.245818 0.32027 0.387965 0.446945 0.495288 0.531251 0.553435 0.560934 0.553435 0.531251 0.495288 0.446945 0.387965 0.32027 0.245818 0.166483 0.084007 0 
0 0.0836197 0.16569 0.24459 0.318577 0.385789 0.444297 0.492214 0.527836 0.5498 0.557223 0.5498 0.527836 0.492214 0.444297 0.385789 0.318577 0.24459 0.16569 0.0836197 0 
0 0.0832283 0.164891 0.243355 0.31688 0.383616 0.441661 0.489162 0.524451 0.5462 0.553549 0.5462 0.524451 0.489162 0.441661 0.383616 0.31688 0.243355 0.164891 0.0832283 0 
0 0.082833 0.164085 0.242114 0.31518 0.381447 0.439037 0.48613 0.521095 0.542634 0.54991 0.542634 0.521095 0.48613 0.439037 0.381447 0.31518 0.242114 0.164085 0.082833 0 
0 0.0824343 0.163274 0.240868 0.313478 0.379282 0.436425 0.483118 0.517766 0.539102 0.546307 0.539102 0.517766 0.483118 0.436425 0.379282 0.313478 0.240868 0.163274 0.0824343 0 
101
0.01
0.05
-0.1
0 0 0 0 0 0 0 0 0 0 10 0 0 0 0 0 0 0 0 0 0 
0 0 0 0 0 0 0 0 0 2.648 4.962 2.506 0 0 0 0 0 0 0 0 0 
0 0 0 0 0 0 0 0 0.65 2.374 3.73 2.51 0.638 0 0 0 0 0 0 0 0 
0 0 0 0 0 0 0 0.18 0.944 2.346 3.024 2.484 0.906 0.166 0 0 0 0 0 0 0 
0 0 0 0 0 0 0.034 0.292 1.084 2.116 2.638 2.208 1.132 0.342 0.044 0 0 0 0 0 0 
0 0 0 0 0 0.008 0.124 0.51 1.134 2.13 2.38 1.996 1.158 0.424 0.102 0.004 0 0 0 0 0 
0 0 0 0 0.002 0.026 0.154 0.59 1.256 1.87 2.172 1.982 1.16 0.568 0.172 0.032 0.004 0 0 0 0 
0 0 0 0 0.002 0.046 0.214 0.58 1.156 1.812 2.122 1.704 1.286 0.536 0.212 0.038 0.01 0 0 0 0 
0 0 0.002 0 0.022 0.086 0.31 0.69 1.178 1.832 2.03 1.734 1.178 0.706 0.26 0.094 0.018 0.004 0 0 0 
0 0 0.002 0.006 0.022 0.112 0.316 0.644 1.248 1.66 1.918 1.692 1.214 0.678 0.33 0.106 0.026 0.004 0 0 0 
0 0 0.002 0.022 0.054 0.152 0.378 0.786 1.126 1.6 1.756 1.622 1.238 0.786 0.356 0.12 0.038 0.004 0 0 0 
0 0.002 0.002 0.006 0.076 0.138 0.42 0.724 1.186 1.504 1.704 1.544 1.068 0.814 0.426 0.158 0.042 0.016 0 0.002 0 
0 0 0.01 0.016 0.086 0.222 0.45 0.76 1.224 1.452 1.634 1.444 1.162 0.736 0.424 0.184 0.09 0.032 0.006 0 0 
0 0.006 0.012 0.036 0.102 0.228 0.508 0.778 1.18 1.374 1.5 1.39 1.126 0.842 0.446 0.234 0.108 0.038 0.01 0 0 
0 0 0.016 0.03 0.094 0.234 0.488 0.866 1.08 1.412 1.476 1.41 1.182 0.738 0.47 0.254 0.106 0.054 0.024 0 0 
0 0.006 0.022 0.026 0.16 0.274 0.468 0.772 1.086 1.438 1.45 1.454 1.156 0.762 0.464 0.274 0.16 0.04 0.022 0.002 0 
0 0.012 0.034 0.066 0.164 0.286 0.526 0.852 1.08 1.382 1.338 1.322 1.038 0.816 0.522 0.276 0.118 0.048 0.024 0.004 0 
0 0.006 0.032 0.068 0.184 0.314 0.548 0.794 1.086 1.336 1.348 1.28 1.058 0.83 0.528 0.356 0.136 0.1 0.024 0.006 0 
0 0.01 0.046 0.098 0.178 0.346 0.524 0.826 1.016 1.254 1.332 1.296 1.114 0.778 0.592 0.332 0.188 0.082 0.028 0.014 0 
0 0.02 0.034 0.12 0.196 0.348 0.56 0.852 0.98 1.202 1.364 1.246 1.064 0.78 0.578 0.334 0.168 0.09 0.056 0.01 0 
0 0.008 0.038 0.102 0.234 0.352 0.556 0.798 1.004 1.242 1.278 1.122 1.026 0.868 0.606 0.352 0.2 0.122 0.05 0.024 0 
0 0.03 0.062 0.112 0.234 0.416 0.526 0.794 1.048 1.142 1.258 1.154 0.952 0.816 0.558 0.366 0.198 0.128 0.066 0.012 0 
0 0.02 0.074 0.114 0.26 0.36 0.586 0.804 0.992 1.236 1.146 1.034 0.982 0.85 0.632 0.408 0.206 0.128 0.052 0.022 0 
0 0.026 0.072 0.15 0.216 0.416 0.596 0.782 0.972 1.108 1.196 1.154 0.946 0.804 0.564 0.416 0.262 0.14 0.06 0.02 0 
0 0.028 0.064 0.144 0.278 0.422 0.664 0.774 0.97 1.088 1.148 1.044 0.926 0.866 0.554 0.414 0.284 0.154 0.108 0.024 0 
0 0.042 0.086 0.168 0.292 0.394 0.538 0.812 1.02 1.042 1.15 1.104 0.93 0.76 0.586 0.416 0.226 0.154 0.094 0.032 0 
0 0.022 0.096 0.196 0.298 0.396 0.604 0.738 0.914 1.066 1.152 1.062 0.962 0.834 0.548 0.416 0.324 0.158 0.092 0.036 0 
0 0.018 0.1 0.178 0.302 0.376 0.604 0.824 0.97 1.056 1.082 1.144 0.91 0.81 0.65 0.422 0.302 0.178 0.11 0.06 0 
0 0.06 0.096 0.154 0.322 0.462 0.59 0.78 0.894 0.968 1.066 0.992 0.894 0.806 0.562 0.45 0.318 0.18 0.108 0.048 0 
0 0.064 0.108 0.182 0.322 0.41 0.626 0.808 0.886 1.018 1.052 0.97 0.886 0.792 0.588 0.424 0.282 0.198 0.134 0.054 0 
0 0.06 0.104 0.19 0.362 0.436 0.624 0.722 0.912 0.978 1.102 1.012 0.872 0.742 0.576 0.45 0.288 0.182 0.108 0.054 0 
0 0.07 0.116 0.206 0.3 0.46 0.678 0.752 0.978 0.958 1.108 0.942 0.876 0.846 0.598 0.424 0.308 0.248 0.134 0.052 0 
0 0.05 0.116 0.17 0.332 0.422 0.578 0.736 0.944 0.928 1.006 0.888 0.92 0.748 0.57 0.434 0.292 0.172 0.112 0.05 0 
0 0.062 0.156 0.196 0.27 0.414 0.622 0.73 0.86 0.912 1.028 0.912 0.9 0.826 0.626 0.462 0.308 0.214 0.096 0.07 0 
0 0.08 0.146 0.232 0.328 0.486 0.626 0.712 0.87 0.894 0.992 0.906 0.834 0.804 0.602 0.45 0.326 0.242 0.098 0.06 0 
0 0.062 0.112 0.22 0.366 0.472 0.602 0.692 0.844 0.978 0.948 0.944 0.8 0.674 0.59 0.418 0.356 0.23 0.15 0.062 0 
0 0.076 0.134 0.196 0.342 0.452 0.652 0.722 0.866 0.95 0.908 0.906 0.876 0.712 0.588 0.478 0.314 0.228 0.13 0.046 0 
0 0.062 0.13 0.242 0.368 0.496 0.582 0.734 0.844 0.864 0.89 0.934 0.884 0.716 0.566 0.448 0.41 0.23 0.184 0.062 0 
0 0.068 0.172 0.208 0.386 0.46 0.58 0.738 0.806 0.894 0.91 0.864 0.842 0.806 0.622 0.512 0.384 0.206 0.16 0.068 0 
0 0.09 0.158 0.272 0.354 0.5 0.594 0.706 0.828 0.866 0.902 0.854 0.83 0.722 0.552 0.444 0.36 0.208 0.184 0.09 0 
0 0.074 0.214 0.288 0.344 0.488 0.606 0.644 0.822 0.892 0.896 0.89 0.84 0.724 0.582 0.488 0.352 0.278 0.148 0.068 0 
0 0.088 0.152 0.22 0.366 0.504 0.626 0.728 0.768 0.818 0.874 0.806 0.81 0.762 0.564 0.512 0.418 0.21 0.17 0.084 0 
0 0.066 0.16 0.266 0.412 0.43 0.612 0.678 0.822 0.876 0.774 0.92 0.706 0.69 0.586 0.508 0.37 0.244 0.17 0.076 0 
0 0.088 0.148 0.26 0.38 0.57 0.544 0.69 0.762 0.776 0.824 0.884 0.762 0.69 0.532 0.468 0.366 0.238 0.202 0.072 0 
0 0.074 0.152 0.284 0.386 0.508 0.608 0.752 0.792 0.858 0.84 0.94 0.766 0.692 0.574 0.442 0.344 0.222 0.164 0.096 0 
0 0.088 0.188 0.274 0.398 0.434 0.548 0.702 0.802 0.802 0.844 0.87 0.78 0.712 0.578 0.462 0.358 0.234 0.172 0.078 0 
0 0.08 0.194 0.252 0.408 0.496 0.654 0.696 0.754 0.776 0.852 0.85 0.792 0.642 0.574 0.534 0.366 0.272 0.192 0.078 0 
0 0.084 0.128 0.28 0.37 0.458 0.59 0.656 0.714 0.77 0.774 0.882 0.742 0.656 0.606 0.49 0.356 0.258 0.156 0.102 0 
0 0.102 0.164 0.242 0.344 0.434 0.552 0.67 0.694 0.734 0.828 0.752 0.752 0.676 0.6 0.496 0.424 0.274 0.18 0.09 0 
0 0.106 0.152 0.272 0.35 0.448 0.536 0.702 0.714 0.768 0.776 0.774 0.684 0.66 0.616 0.466 0.386 0.282 0.174 0.078 0 
0 0.094 0.168 0.276 0.368 0.488 0.55 0.648 0.716 0.836 0.872 0.778 0.686 0.614 0.576 0.498 0.412 0.238 0.174 0.08 0 
0 0.106 0.182 0.26 0.374 0.478 0.572 0.694 0.792 0.768 0.848 0.816 0.682 0.638 0.576 0.476 0.346 0.244 0.19 0.09 0 
0 0.094 0.168 0.24 0.356 0.52 0.574 0.64 0.622 0.7 0.796 0.708 0.668 0.686 0.564 0.518 0.326 0.268 0.206 0.104 0 
0 0.104 0.166 0.254 0.366 0.506 0.564 0.65 0.668 0.726 0.738 0.728 0.706 0.668 0.514 0.514 0.388 0.268 0.166 0.086 0 
0 0.1 0.212 0.284 0.364 0.5 0.612 0.632 0.682 0.772 0.75 0.788 0.712 0.624 0.576 0.484 0.384 0.282 0.154 0.082 0 
0 0.106 0.176 0.264 0.35 0.51 0.552 0.676 0.69 0.8 0.728 0.73 0.73 0.628 0.552 0.462 0.396 0.292 0.142 0.112 0 
0 0.09 0.168 0.252 0.378 0.44 0.604 0.662 0.712 0.74 0.716 0.768 0.662 0.646 0.522 0.464 0.37 0.268 0.196 0.098 0 
0 0.112 0.186 0.268 0.364 0.484 0.574 0.598 0.726 0.764 0.72 0.648 0.738 0.616 0.61 0.456 0.362 0.254 0.188 0.086 0 
0 0.12 0.19 0.272 0.39 0.488 0.568 0.644 0.716 0.688 0.704 0.728 0.672 0.618 0.52 0.492 0.386 0.284 0.184 0.108 0 
0 0.096 0.194 0.26 0.364 0.478 0.546 0.674 0.634 0.624 0.76 0.762 0.646 0.622 0.598 0.484 0.362 0.238 0.154 0.076 0 
0 0.092 0.174 0.27 0.37 0.466 0.54 0.674 0.7 0.71 0.762 0.77 0.686 0.628 0.546 0.458 0.356 0.278 0.18 0.092 0 
0 0.078 0.206 0.25 0.388 0.536 0.592 0.562 0.668 0.716 0.724 0.722 0.646 0.616 0.458 0.432 0.356 0.316 0.232 0.116 0 
0 0.104 0.166 0.33 0.38 0.44 0.574 0.62 0.672 0.706 0.732 0.704 0.694 0.66 0.516 0.466 0.408 0.272 0.188 0.104 0 
0 0.1 0.148 0.294 0.342 0.458 0.51 0.654 0.612 0.726 0.666 0.698 0.672 0.588 0.568 0.412 0.364 0.266 0.156 0.088 0 
0 0.092 0.192 0.292 0.398 0.52 0.574 0.618 0.69 0.68 0.72 0.708 0.66 0.62 0.552 0.432 0.374 0.3 0.182 0.064 0 
0 0.088 0.186 0.268 0.342 0.462 0.564 0.632 0.632 0.68 0.724 0.716 0.618 0.646 0.552 0.408 0.382 0.308 0.166 0.082 0 
0 0.09 0.194 0.262 0.34 0.466 0.534 0.62 0.678 0.692 0.702 0.678 0.67 0.582 0.548 0.422 0.38 0.244 0.174 0.1 0 
0 0.104 0.186 0.28 0.376 0.456 0.508 0.618 0.552 0.652 0.706 0.748 0.632 0.61 0.506 0.492 0.372 0.282 0.188 0.088 0 
0 0.108 0.206 0.296 0.302 0.464 0.542 0.558 0.688 0.67 0.694 0.658 0.582 0.586 0.478 0.43 0.364 0.26 0.174 0.096 0 
0 0.098 0.2 0.28 0.368 0.454 0.486 0.558 0.596 0.744 0.654 0.664 0.676 0.566 0.526 0.446 0.356 0.28 0.202 0.066 0 
0 0.084 0.178 0.288 0.358 0.468 0.464 0.532 0.598 0.668 0.638 0.734 0.664 0.584 0.488 0.476 0.37 0.28 0.192 0.106 0 
0 0.106 0.178 0.284 0.372 0.454 0.55 0.552 0.638 0.628 0.678 0.644 0.648 0.572 0.502 0.41 0.37 0.248 0.158 0.104 0 
0 0.09 0.182 0.24 0.332 0.462 0.488 0.56 0.618 0.724 0.654 0.69 0.7 0.584 0.452 0.442 0.332 0.288 0.188 0.088 0 
0 0.074 0.164 0.262 0.38 0.422 0.518 0.546 0.65 0.588 0.636 0.668 0.62 0.626 0.55 0.466 0.336 0.234 0.2 0.09 0 
0 0.07 0.178 0.256 0.36 0.444 0.508 0.63 0.614 0.584 0.68 0.652 0.612 0.546 0.544 0.38 0.35 0.272 0.176 0.102 0 
0 0.098 0.188 0.284 0.338 0.444 0.554 0.578 0.638 0.624 0.578 0.656 0.624 0.554 0.446 0.498 0.37 0.248 0.17 0.102 0 
0 0.096 0.156 0.258 0.372 0.41 0.46 0.548 0.57 0.668 0.6 0.708 0.58 0.55 0.556 0.454 0.378 0.242 0.174 0.098 0 
0 0.082 0.17 0.288 0.3 0.44 0.526 0.592 0.538 0.642 0.606 0.566 0.618 0.542 0.452 0.418 0.364 0.26 0.156 0.1 0 
0 0.102 0.194 0.25 0.356 0.394 0.522 0.576 0.598 0.638 0.622 0.65 0.628 0.532 0.498 0.4 0.378 0.276 0.148 0.092 0 
0 0.072 0.196 0.254 0.35 0.432 0.484 0.542 0.612 0.648 0.592 0.514 0.586 0.538 0.502 0.424 0.32 0.258 0.152 0.102 0 
0 0.102 0.17 0.264 0.366 0.43 0.532 0.526 0.52 0.614 0.622 0.556 0.602 0.54 0.52 0.428 0.37 0.318 0.17 0.078 0 
0 0.118 0.166 0.28 0.362 0.38 0.512 0.532 0.606 0.612 0.6 0.594 0.646 0.558 0.512 0.454 0.3 0.296 0.206 0.112 0 
0 0.076 0.17 0.294 0.376 0.386 0.444 0.538 0.59 0.628 0.562 0.606 0.566 0.516 0.476 0.41 0.336 0.264 0.19 0.084 0 
0 0.096 0.19 0.29 0.334 0.39 0.474 0.596 0.598 0.608 0.6 0.558 0.596 0.556 0.494 0.442 0.344 0.224 0.202 0.064 0 
0 0.102 0.226 0.252 0.354 0.424 0.482 0.51 0.53 0.622 0.582 0.586 0.55 0.54 0.478 0.392 0.356 0.256 0.176 0.104 0 
0 0.072 0.162 0.278 0.312 0.422 0.514 0.546 0.552 0.566 0.638 0.59 0.6 0.534 0.476 0.45 0.362 0.264 0.156 0.08 0 
0 0.094 0.168 0.318 0.318 0.394 0.474 0.51 0.522 0.532 0.546 0.588 0.53 0.498 0.544 0.38 0.312 0.262 0.164 0.104 0 
0 0.09 0.172 0.26 0.304 0.37 0.47 0.532 0.544 0.568 0.594 0.564 0.554 0.558 0.448 0.444 0.36 0.246 0.158 0.074 0 
0 0.092 0.174 0.24 0.35 0.438 0.428 0.49 0.582 0.552 0.586 0.584 0.596 0.508 0.438 0.446 0.324 0.242 0.162 0.102 0 
0 0.088 0.166 0.24 0.28 0.454 0.482 0.502 0.556 0.58 0.562 0.634 0.58 0.482 0.478 0.374 0.318 0.284 0.188 0.07 0 
0 0.072 0.17 0.234 0.324 0.364 0.484 0.5 0.522 0.586 0.58 0.64 0.534 0.524 0.472 0.45 0.348 0.25 0.148 0.068 0 
0 0.09 0.16 0.282 0.328 0.396 0.436 0.444 0.548 0.568 0.58 0.55 0.616 0.47 0.48 0.36 0.34 0.23 0.16 0.09 0 
0 0.09 0.158 0.264 0.336 0.376 0.488 0.496 0.598 0.51 0.56 0.538 0.546 0.448 0.454 0.382 0.282 0.248 0.18 0.102 0 
0 0.088 0.18 0.28 0.318 0.338 0.466 0.478 0.536 0.524 0.55 0.598 0.536 0.486 0.438 0.362 0.316 0.238 0.158 0.07 0 
0 0.096 0.176 0.232 0.356 0.382 0.44 0.466 0.518 0.528 0.524 0.534 0.536 0.504 0.448 0.362 0.314 0.264 0.154 0.07 0 
0 0.094 0.196 0.25 0.328 0.37 0.466 0.504 0.496 0.534 0.57 0.5 0.524 0.526 0.404 0.428 0.302 0.208 0.182 0.086 0 
0 0.094 0.156 0.29 0.286 0.458 0.458 0.48 0.54 0.602 0.52 0.53 0.602 0.46 0.398 0.392 0.316 0.25 0.174 0.084 0 
0 0.084 0.16 0.272 0.338 0.358 0.414 0.5 0.542 0.532 0.526 0.55 0.494 0.468 0.448 0.446 0.278 0.23 0.202 0.086 0 
0 0.078 0.184 0.242 0.324 0.416 0.412 0.51 0.502 0.488 0.57 0.568 0.546 0.5 0.436 0.408 0.342 0.218 0.17 0.07 0 
0 0.1 0.14 0.256 0.304 0.356 0.442 0.512 0.512 0.544 0.516 0.514 0.484 0.478 0.43 0.368 0.286 0.222 0.148 0.082 0 
0 0.078 0.198 0.228 0.264 0.438 0.436 0.46 0.514 0.508 0.526 0.498 0.506 0.454 0.416 0.38 0.332 0.224 0.19 0.058 0 
